40 1 2 140 289 0 0 172 0 0 -9 -9 -9
37 1 2 130 283 0 1 98 0 0 -9 -9 -9
54 1 3 150 -9 0 0 122 0 0 -9 -9 -9
39 1 3 120 339 0 0 170 0 0 -9 -9 -9
45 0 2 130 237 0 0 170 0 0 -9 -9 -9
54 1 2 110 208 0 0 142 0 0 -9 -9 -9
48 0 2 120 284 0 0 120 0 0 -9 -9 -9
37 0 3 130 211 0 0 142 0 0 -9 -9 -9
39 1 2 120 204 0 0 145 0 0 -9 -9 -9
42 0 3 115 211 0 1 137 0 0 -9 -9 -9
54 0 2 120 273 0 0 150 0 1.5 2 -9 -9
43 0 2 120 201 0 0 165 0 0 -9 -9 -9
43 0 1 100 223 0 0 142 0 0 -9 -9 -9
44 1 2 120 184 0 0 142 0 1 2 -9 -9
49 0 2 124 201 0 0 164 0 0 -9 -9 -9
40 1 3 130 215 0 0 138 0 0 -9 -9 -9
36 1 3 130 209 0 0 178 0 0 -9 -9 -9
53 1 4 124 260 0 1 112 1 3 2 -9 -9
52 1 2 120 284 0 0 118 0 0 -9 -9 -9
53 0 2 113 468 -9 0 127 0 0 -9 -9 -9
51 1 2 125 188 0 0 145 0 0 -9 -9 -9
56 1 3 130 -9 0 0 114 0 0 -9 -9 -9
43 0 2 150 186 0 0 154 0 0 -9 -9 -9
32 1 2 125 254 0 0 155 0 0 -9 -9 -9
41 0 2 110 250 0 1 142 0 0 -9 -9 -9
48 0 2 120 -9 1 1 148 0 0 -9 -9 -9
48 0 4 150 227 0 0 130 1 1 2 9 -9
54 0 2 150 230 0 0 130 0 0 -9 -9 -9
35 1 2 150 264 0 0 168 0 0 -9 -9 -9
52 1 3 140 259 0 1 170 0 0 -9 -9 -9
59 1 3 130 318 0 0 120 1 1 2 -9 3
37 1 4 120 223 0 0 168 0 0 -9 -9 3
50 1 2 140 216 0 0 170 0 0 -9 -9 3
36 1 3 112 340 0 0 184 0 1 2 -9 3
45 1 2 140 224 1 0 122 0 0 -9 -9 -9
41 0 2 130 245 0 0 150 0 0 -9 -9 -9
52 0 4 130 180 0 0 140 1 1.5 2 -9 -9
51 0 2 160 194 0 0 170 0 0 -9 -9 -9
54 1 4 150 365 0 1 134 0 1 1 -9 -9
49 1 2 100 253 0 0 174 0 0 -9 -9 -9
43 0 3 150 -9 0 0 175 0 0 -9 -9 3
45 1 4 140 224 0 0 144 0 0 -9 -9 -9
50 0 2 110 202 0 0 145 0 0 -9 -9 -9
37 0 2 120 260 0 0 130 0 0 -9 -9 -9
45 0 4 132 297 0 0 144 0 0 -9 -9 -9
32 1 2 110 225 0 0 184 0 0 -9 -9 -9
44 1 4 150 412 0 0 170 0 0 -9 -9 -9
44 1 2 130 215 0 0 135 0 0 -9 -9 -9
44 0 4 120 218 0 1 115 0 0 -9 -9 -9
46 1 3 150 163 -9 0 116 0 0 -9 -9 -9
35 0 4 140 167 0 0 150 0 0 -9 -9 -9
52 1 2 140 100 0 0 138 1 0 -9 -9 -9
55 1 3 110 277 0 0 160 0 0 -9 -9 -9
54 1 2 120 238 0 0 154 0 0 -9 -9 -9
52 1 2 160 196 0 0 165 0 0 -9 -9 -9
53 0 2 140 216 0 0 142 1 2 2 -9 -9
55 1 4 140 229 0 0 110 1 0.5 2 -9 -9
49 0 2 110 -9 0 0 160 0 0 -9 -9 -9
39 1 4 130 307 0 0 140 0 0 -9 -9 -9
52 0 2 120 210 0 0 148 0 0 -9 -9 -9
49 0 3 160 180 0 0 156 0 1 2 -9 -9
37 1 4 140 207 0 0 130 1 1.5 2 -9 -9
38 1 4 110 196 0 0 166 0 0 -9 -9 -9
60 1 4 100 248 0 0 125 0 1 2 -9 -9
36 1 2 120 267 0 0 160 0 3 2 -9 -9
54 1 4 125 224 0 0 122 0 2 2 -9 -9
65 1 4 140 306 1 0 87 1 1.5 2 -9 -9
41 1 4 110 289 0 0 170 0 0 -9 -9 6
31 1 4 120 270 0 0 153 1 1.5 2 -9 -9
58 1 3 130 213 0 1 140 0 0 -9 -9 6
46 1 4 120 277 0 0 125 1 1 2 -9 -9
57 1 2 140 265 0 1 145 1 1 2 -9 -9
49 1 4 130 206 0 0 170 0 0 -9 -9 -9
63 1 4 150 223 0 0 115 0 0 -9 -9 -9
40 1 4 120 466 -9 0 152 1 1 2 -9 6
46 1 4 118 186 0 0 124 0 0 -9 -9 7
33 0 4 100 246 0 0 150 1 1 2 -9 -9
38 1 4 120 282 0 0 170 0 0 -9 -9 -9
59 0 4 130 338 1 1 130 1 1.5 2 -9 -9
34 1 1 140 156 0 0 180 0 0 -9 -9 -9
46 1 4 110 202 0 0 150 1 0 -9 -9 -9
49 1 3 115 265 0 0 175 0 0 -9 -9 -9
43 1 4 150 247 0 0 130 1 2 2 -9 -9
52 1 4 130 225 0 0 120 1 2 2 -9 -9
41 1 4 120 237 -9 0 138 1 1 2 -9 -9
35 1 2 110 257 0 0 140 0 0 -9 -9 -9
54 1 4 125 216 0 0 140 0 0 -9 -9 -9
48 1 4 106 263 1 0 110 0 0 -9 -9 -9
50 0 3 140 288 0 0 140 1 0 -9 -9 7
47 1 4 150 226 0 0 98 1 1.5 2 0 7
50 1 4 130 233 0 0 121 1 2 2 -9 7
52 1 4 120 182 0 0 150 0 0 -9 -9 -9
55 1 4 140 268 0 0 128 1 1.5 2 -9 -9
32 1 4 118 529 0 0 130 0 0 -9 -9 -9
56 1 4 150 213 1 0 125 1 1 2 -9 -9
43 1 1 120 291 0 1 155 0 0 -9 -9 -9
48 1 4 160 329 0 0 92 1 1.5 2 -9 -9
58 1 4 130 263 0 0 140 1 2 2 -9 -9
40 0 4 150 392 0 0 130 0 2 2 -9 6
57 1 4 150 255 0 0 92 1 3 2 -9 -9
54 1 4 140 -9 0 0 118 1 0 -9 -9 -9
54 1 4 130 603 1 0 125 1 1 2 -9 -9
38 1 4 110 -9 0 0 150 1 1 2 -9 -9
58 1 3 160 211 1 1 92 0 0 -9 -9 -9
53 1 4 120 246 0 0 116 1 0 -9 -9 -9
39 1 4 110 280 0 0 150 0 0 -9 -9 6 
46 1 4 130 222 0 0 112 0 0 -9 -9 -9
48 1 4 160 355 0 0 99 1 2 2 -9 -9
48 1 4 160 193 0 0 102 1 3 2 -9 -9
54 1 4 200 198 0 0 142 1 2 2 -9 -9
48 0 4 138 214 0 0 108 1 1.5 2 -9 -9
58 1 2 136 164 0 1 99 1 2 2 -9 -9
49 1 4 140 234 0 0 140 1 1 2 -9 -9
44 1 2 150 288 0 0 150 1 3 2 -9 -9
53 1 3 145 518 0 0 130 0 0 -9 -9 -9
41 1 4 130 172 0 1 130 0 2 2 -9 -9
43 1 4 120 175 0 0 120 1 1 2 -9 7
52 1 4 112 342 0 1 96 1 1 2 -9 -9
52 1 4 160 246 0 1 82 1 4 2 -9 -9
66 1 4 140 -9 0 0 94 1 1 2 -9 -9
65 1 4 170 263 1 0 112 1 2 2 -9 -9
47 0 3 135 248 1 0 170 0 0 -9 -9 -9
56 1 4 170 388 0 1 122 1 2 2 -9 -9
56 1 4 150 230 0 1 124 1 1.5 2 -9 -9
56 0 2 120 279 0 0 150 0 1 2 -9 -9
44 1 4 130 290 0 0 100 1 2 2 -9 -9
59 1 4 140 264 1 2 119 1 0 -9 -9 -9
46 1 1 140 272 1 0 175 0 2 2 -9 -9
54 1 4 140 216 0 0 105 0 1.5 2 -9 -9
52 1 4 140 404 0 0 124 1 2 2 -9 -9
54 0 3 130 294 0 1 100 1 0 2 -9 -9
47 0 4 120 205 0 0 98 1 2 2 -9 6
65 1 4 130 275 0 1 115 1 1 2 -9 -9
58 0 2 180 393 0 0 110 1 1 2 -9 7
52 1 4 160 331 0 0 94 1 2.5 -9 -9 -9
50 1 4 140 341 0 1 125 1 2.5 2 -9 -9
47 1 4 160 291 0 1 158 1 3 2 -9 -9
56 1 4 155 342 1 0 150 1 3 2 -9 -9
49 1 4 128 212 0 0 96 1 0 -9 -9 -9
50 1 4 140 231 0 1 140 1 5 2 -9 -9